
network "C:/Users/cbaudrit/Desktop/Phyuong/HierarchicPRM/ModelFranckPaper_L0_Prior_Unknown.bif" {
   property software aGrUM;
}

variable EE.Agressiv {
   type discrete[7] {Moins3, Moins2, Moins1, Normal, Plus1, Plus2, Plus3};
}

variable O.Productivity {
   type discrete[7] {Moins3, Moins2, Moins1, Normal, Plus1, Plus2, Plus3};
}

variable O.Cost {
   type discrete[7] {Moins3, Moins2, Moins1, Normal, Plus1, Plus2, Plus3};
}

variable O.Capacity {
   type discrete[7] {Moins3, Moins2, Moins1, Normal, Plus1, Plus2, Plus3};
}

variable FA.Duration {
   type discrete[7] {Moins3, Moins2, Moins1, Normal, Plus1, Plus2, Plus3};
}

variable FA.Cost {
   type discrete[7] {Moins3, Moins2, Moins1, Normal, Plus1, Plus2, Plus3};
}

variable FA.Quality {
   type discrete[7] {Moins3, Moins2, Moins1, Normal, Plus1, Plus2, Plus3};
}

variable FA.Duration1 {
   type discrete[7] {Moins3, Moins2, Moins1, Normal, Plus1, Plus2, Plus3};
}

variable FA.Duration2 {
   type discrete[7] {Moins3, Moins2, Moins1, Normal, Plus1, Plus2, Plus3};
}

variable FA.Cost1 {
   type discrete[7] {Moins3, Moins2, Moins1, Normal, Plus1, Plus2, Plus3};
}

variable FA.Cost2 {
   type discrete[7] {Moins3, Moins2, Moins1, Normal, Plus1, Plus2, Plus3};
}

variable FA.Quality1 {
   type discrete[7] {Moins3, Moins2, Moins1, Normal, Plus1, Plus2, Plus3};
}

variable FA.Quality2 {
   type discrete[7] {Moins3, Moins2, Moins1, Normal, Plus1, Plus2, Plus3};
}

variable FA.Agg_Agressiv {
   type discrete[7] {Moins3, Moins2, Moins1, Normal, Plus1, Plus2, Plus3};
}

variable FA.Agg_Productivity {
   type discrete[7] {Moins3, Moins2, Moins1, Normal, Plus1, Plus2, Plus3};
}

variable FA.Agg_Cost {
   type discrete[7] {Moins3, Moins2, Moins1, Normal, Plus1, Plus2, Plus3};
}

variable FA.Agg_Capacity {
   type discrete[7] {Moins3, Moins2, Moins1, Normal, Plus1, Plus2, Plus3};
}

variable NE.Agressiv {
   type discrete[7] {Moins3, Moins2, Moins1, Normal, Plus1, Plus2, Plus3};
}

variable PM.Productivity {
   type discrete[7] {Moins3, Moins2, Moins1, Normal, Plus1, Plus2, Plus3};
}

variable PM.Cost {
   type discrete[7] {Moins3, Moins2, Moins1, Normal, Plus1, Plus2, Plus3};
}

variable PM.Capacity {
   type discrete[7] {Moins3, Moins2, Moins1, Normal, Plus1, Plus2, Plus3};
}

variable LE.Agressiv {
   type discrete[7] {Moins3, Moins2, Moins1, Normal, Plus1, Plus2, Plus3};
}

variable TP.Agressiv {
   type discrete[7] {Moins3, Moins2, Moins1, Normal, Plus1, Plus2, Plus3};
}

probability (EE.Agressiv) {
   default 0.14002 0.14002 0.14002 0.159881 0.14002 0.14002 0.14002;
}
probability (O.Productivity) {
   default 0.14002 0.14002 0.14002 0.159881 0.14002 0.14002 0.14002;
}
probability (O.Cost) {
   default 0.14002 0.14002 0.14002 0.159881 0.14002 0.14002 0.14002;
}
probability (O.Capacity) {
   default 0.14002 0.14002 0.14002 0.159881 0.14002 0.14002 0.14002;
}
probability (FA.Duration | FA.Duration2, FA.Duration1) {
   (Moins3, Moins3) 0.994042 0.000993049 0.000993049 0.000993049 0.000993049 0.000993049 0.000993049;
   (Moins2, Moins3) 0.467726 0.467726 0.060576 0.000993049 0.000993049 0.000993049 0.000993049;
   (Moins1, Moins3) 0.259186 0.328699 0.259186 0.120159 0.020854 0.0109235 0.000993049;
   (Normal, Moins3) 0.179742 0.219464 0.219464 0.179742 0.110228 0.060576 0.0307845;
   (Plus1, Moins3) 0.14002 0.169811 0.189672 0.169811 0.14002 0.110228 0.0804369;
   (Plus2, Moins3) 0.130089 0.14995 0.169811 0.169811 0.14995 0.130089 0.100298;
   (Plus3, Moins3) 0.120159 0.14002 0.14995 0.179742 0.14995 0.14002 0.120159;
   (Moins3, Moins2) 0.467726 0.467726 0.060576 0.000993049 0.000993049 0.000993049 0.000993049;
   (Moins2, Moins2) 0.000993049 0.994042 0.000993049 0.000993049 0.000993049 0.000993049 0.000993049;
   (Moins1, Moins2) 0.060576 0.437934 0.437934 0.060576 0.000993049 0.000993049 0.000993049;
   (Normal, Moins2) 0.110228 0.229394 0.288977 0.229394 0.110228 0.020854 0.0109235;
   (Plus1, Moins2) 0.100298 0.159881 0.199603 0.199603 0.159881 0.100298 0.0804369;
   (Plus2, Moins2) 0.100298 0.14002 0.169811 0.179742 0.169811 0.14002 0.100298;
   (Plus3, Moins2) 0.100298 0.130089 0.14995 0.169811 0.169811 0.14995 0.130089;
   (Moins3, Moins1) 0.259186 0.328699 0.259186 0.120159 0.020854 0.0109235 0.000993049;
   (Moins2, Moins1) 0.060576 0.437934 0.437934 0.060576 0.000993049 0.000993049 0.000993049;
   (Moins1, Moins1) 0.000993049 0.000993049 0.994042 0.000993049 0.000993049 0.000993049 0.000993049;
   (Normal, Moins1) 0.000993049 0.060576 0.437934 0.437934 0.060576 0.000993049 0.000993049;
   (Plus1, Moins1) 0.0307845 0.100298 0.219464 0.288977 0.219464 0.100298 0.040715;
   (Plus2, Moins1) 0.0506455 0.100298 0.159881 0.199603 0.199603 0.159881 0.130089;
   (Plus3, Moins1) 0.0705065 0.110228 0.14002 0.169811 0.189672 0.169811 0.14995;
   (Moins3, Normal) 0.179742 0.219464 0.219464 0.179742 0.110228 0.060576 0.0307845;
   (Moins2, Normal) 0.110228 0.229394 0.288977 0.229394 0.110228 0.020854 0.0109235;
   (Moins1, Normal) 0.000993049 0.060576 0.437934 0.437934 0.060576 0.000993049 0.000993049;
   (Normal, Normal) 0.000993049 0.000993049 0.000993049 0.994042 0.000993049 0.000993049 0.000993049;
   (Plus1, Normal) 0.000993049 0.000993049 0.060576 0.437934 0.437934 0.060576 0.000993049;
   (Plus2, Normal) 0.0109235 0.0307845 0.110228 0.229394 0.288977 0.219464 0.110228;
   (Plus3, Normal) 0.020854 0.060576 0.110228 0.179742 0.229394 0.219464 0.179742;
   (Moins3, Plus1) 0.14002 0.169811 0.189672 0.169811 0.14995 0.110228 0.0705065;
   (Moins2, Plus1) 0.100298 0.159881 0.199603 0.199603 0.189672 0.100298 0.0506455;
   (Moins1, Plus1) 0.0307845 0.100298 0.219464 0.288977 0.229394 0.100298 0.0307845;
   (Normal, Plus1) 0.000993049 0.000993049 0.060576 0.437934 0.437934 0.060576 0.000993049;
   (Plus1, Plus1) 0.000993049 0.000993049 0.000993049 0.000993049 0.994042 0.000993049 0.000993049;
   (Plus2, Plus1) 0.000993049 0.000993049 0.000993049 0.060576 0.437934 0.437934 0.060576;
   (Plus3, Plus1) 0.000993049 0.0109235 0.0307845 0.120159 0.249255 0.328699 0.259186;
   (Moins3, Plus2) 0.130089 0.14995 0.169811 0.169811 0.14995 0.130089 0.100298;
   (Moins2, Plus2) 0.100298 0.14002 0.169811 0.179742 0.169811 0.14002 0.100298;
   (Moins1, Plus2) 0.0506455 0.100298 0.159881 0.199603 0.229394 0.159881 0.100298;
   (Normal, Plus2) 0.0109235 0.0307845 0.110228 0.229394 0.279047 0.229394 0.110228;
   (Plus1, Plus2) 0.000993049 0.000993049 0.000993049 0.060576 0.437934 0.437934 0.060576;
   (Plus2, Plus2) 0.000993049 0.000993049 0.000993049 0.000993049 0.000993049 0.994042 0.000993049;
   (Plus3, Plus2) 0.000993049 0.000993049 0.000993049 0.000993049 0.060576 0.467726 0.467726;
   (Moins3, Plus3) 0.120159 0.14002 0.14995 0.159881 0.169811 0.14002 0.120159;
   (Moins2, Plus3) 0.100298 0.130089 0.14995 0.169811 0.169811 0.14995 0.130089;
   (Moins1, Plus3) 0.0705065 0.110228 0.14002 0.169811 0.199603 0.169811 0.14002;
   (Normal, Plus3) 0.020854 0.060576 0.110228 0.179742 0.229394 0.219464 0.179742;
   (Plus1, Plus3) 0.000993049 0.0109235 0.0307845 0.120159 0.249255 0.328699 0.259186;
   (Plus2, Plus3) 0.000993049 0.000993049 0.000993049 0.000993049 0.060576 0.467726 0.467726;
   (Plus3, Plus3) 0.000993049 0.000993049 0.000993049 0.000993049 0.000993049 0.000993049 0.994042;
}
probability (FA.Cost | FA.Cost2, FA.Cost1) {
   (Moins3, Moins3) 0.994042 0.000993049 0.000993049 0.000993049 0.000993049 0.000993049 0.000993049;
   (Moins2, Moins3) 0.467726 0.467726 0.060576 0.000993049 0.000993049 0.000993049 0.000993049;
   (Moins1, Moins3) 0.259186 0.328699 0.259186 0.120159 0.020854 0.0109235 0.000993049;
   (Normal, Moins3) 0.179742 0.219464 0.219464 0.179742 0.110228 0.060576 0.0307845;
   (Plus1, Moins3) 0.14002 0.169811 0.189672 0.169811 0.14002 0.110228 0.0804369;
   (Plus2, Moins3) 0.130089 0.14995 0.169811 0.169811 0.14995 0.130089 0.100298;
   (Plus3, Moins3) 0.120159 0.14002 0.14995 0.179742 0.14995 0.14002 0.120159;
   (Moins3, Moins2) 0.467726 0.467726 0.060576 0.000993049 0.000993049 0.000993049 0.000993049;
   (Moins2, Moins2) 0.000993049 0.994042 0.000993049 0.000993049 0.000993049 0.000993049 0.000993049;
   (Moins1, Moins2) 0.060576 0.437934 0.437934 0.060576 0.000993049 0.000993049 0.000993049;
   (Normal, Moins2) 0.110228 0.229394 0.288977 0.229394 0.110228 0.020854 0.0109235;
   (Plus1, Moins2) 0.100298 0.159881 0.199603 0.199603 0.159881 0.100298 0.0804369;
   (Plus2, Moins2) 0.100298 0.14002 0.169811 0.179742 0.169811 0.14002 0.100298;
   (Plus3, Moins2) 0.100298 0.130089 0.14995 0.169811 0.169811 0.14995 0.130089;
   (Moins3, Moins1) 0.259186 0.328699 0.259186 0.120159 0.020854 0.0109235 0.000993049;
   (Moins2, Moins1) 0.060576 0.437934 0.437934 0.060576 0.000993049 0.000993049 0.000993049;
   (Moins1, Moins1) 0.000993049 0.000993049 0.994042 0.000993049 0.000993049 0.000993049 0.000993049;
   (Normal, Moins1) 0.000993049 0.060576 0.437934 0.437934 0.060576 0.000993049 0.000993049;
   (Plus1, Moins1) 0.0307845 0.100298 0.219464 0.288977 0.219464 0.100298 0.040715;
   (Plus2, Moins1) 0.0506455 0.100298 0.159881 0.199603 0.199603 0.159881 0.130089;
   (Plus3, Moins1) 0.0705065 0.110228 0.14002 0.169811 0.189672 0.169811 0.14995;
   (Moins3, Normal) 0.179742 0.219464 0.219464 0.179742 0.110228 0.060576 0.0307845;
   (Moins2, Normal) 0.110228 0.229394 0.288977 0.229394 0.110228 0.020854 0.0109235;
   (Moins1, Normal) 0.000993049 0.060576 0.437934 0.437934 0.060576 0.000993049 0.000993049;
   (Normal, Normal) 0.000993049 0.000993049 0.000993049 0.994042 0.000993049 0.000993049 0.000993049;
   (Plus1, Normal) 0.000993049 0.000993049 0.060576 0.437934 0.437934 0.060576 0.000993049;
   (Plus2, Normal) 0.0109235 0.0307845 0.110228 0.229394 0.288977 0.219464 0.110228;
   (Plus3, Normal) 0.020854 0.060576 0.110228 0.179742 0.229394 0.219464 0.179742;
   (Moins3, Plus1) 0.14002 0.169811 0.189672 0.169811 0.14995 0.110228 0.0705065;
   (Moins2, Plus1) 0.100298 0.159881 0.199603 0.199603 0.189672 0.100298 0.0506455;
   (Moins1, Plus1) 0.0307845 0.100298 0.219464 0.288977 0.229394 0.100298 0.0307845;
   (Normal, Plus1) 0.000993049 0.000993049 0.060576 0.437934 0.437934 0.060576 0.000993049;
   (Plus1, Plus1) 0.000993049 0.000993049 0.000993049 0.000993049 0.994042 0.000993049 0.000993049;
   (Plus2, Plus1) 0.000993049 0.000993049 0.000993049 0.060576 0.437934 0.437934 0.060576;
   (Plus3, Plus1) 0.000993049 0.0109235 0.0307845 0.120159 0.249255 0.328699 0.259186;
   (Moins3, Plus2) 0.130089 0.14995 0.169811 0.169811 0.14995 0.130089 0.100298;
   (Moins2, Plus2) 0.100298 0.14002 0.169811 0.179742 0.169811 0.14002 0.100298;
   (Moins1, Plus2) 0.0506455 0.100298 0.159881 0.199603 0.229394 0.159881 0.100298;
   (Normal, Plus2) 0.0109235 0.0307845 0.110228 0.229394 0.279047 0.229394 0.110228;
   (Plus1, Plus2) 0.000993049 0.000993049 0.000993049 0.060576 0.437934 0.437934 0.060576;
   (Plus2, Plus2) 0.000993049 0.000993049 0.000993049 0.000993049 0.000993049 0.994042 0.000993049;
   (Plus3, Plus2) 0.000993049 0.000993049 0.000993049 0.000993049 0.060576 0.467726 0.467726;
   (Moins3, Plus3) 0.120159 0.14002 0.14995 0.159881 0.169811 0.14002 0.120159;
   (Moins2, Plus3) 0.100298 0.130089 0.14995 0.169811 0.169811 0.14995 0.130089;
   (Moins1, Plus3) 0.0705065 0.110228 0.14002 0.169811 0.199603 0.169811 0.14002;
   (Normal, Plus3) 0.020854 0.060576 0.110228 0.179742 0.229394 0.219464 0.179742;
   (Plus1, Plus3) 0.000993049 0.0109235 0.0307845 0.120159 0.249255 0.328699 0.259186;
   (Plus2, Plus3) 0.000993049 0.000993049 0.000993049 0.000993049 0.060576 0.467726 0.467726;
   (Plus3, Plus3) 0.000993049 0.000993049 0.000993049 0.000993049 0.000993049 0.000993049 0.994042;
}
probability (FA.Quality | FA.Quality2, FA.Quality1) {
   (Moins3, Moins3) 0.994042 0.000993049 0.000993049 0.000993049 0.000993049 0.000993049 0.000993049;
   (Moins2, Moins3) 0.467726 0.467726 0.060576 0.000993049 0.000993049 0.000993049 0.000993049;
   (Moins1, Moins3) 0.259186 0.328699 0.259186 0.120159 0.020854 0.0109235 0.000993049;
   (Normal, Moins3) 0.179742 0.219464 0.219464 0.179742 0.110228 0.060576 0.0307845;
   (Plus1, Moins3) 0.14002 0.169811 0.189672 0.169811 0.14002 0.110228 0.0804369;
   (Plus2, Moins3) 0.130089 0.14995 0.169811 0.169811 0.14995 0.130089 0.100298;
   (Plus3, Moins3) 0.120159 0.14002 0.14995 0.179742 0.14995 0.14002 0.120159;
   (Moins3, Moins2) 0.467726 0.467726 0.060576 0.000993049 0.000993049 0.000993049 0.000993049;
   (Moins2, Moins2) 0.000993049 0.994042 0.000993049 0.000993049 0.000993049 0.000993049 0.000993049;
   (Moins1, Moins2) 0.060576 0.437934 0.437934 0.060576 0.000993049 0.000993049 0.000993049;
   (Normal, Moins2) 0.110228 0.229394 0.288977 0.229394 0.110228 0.020854 0.0109235;
   (Plus1, Moins2) 0.100298 0.159881 0.199603 0.199603 0.159881 0.100298 0.0804369;
   (Plus2, Moins2) 0.100298 0.14002 0.169811 0.179742 0.169811 0.14002 0.100298;
   (Plus3, Moins2) 0.100298 0.130089 0.14995 0.169811 0.169811 0.14995 0.130089;
   (Moins3, Moins1) 0.259186 0.328699 0.259186 0.120159 0.020854 0.0109235 0.000993049;
   (Moins2, Moins1) 0.060576 0.437934 0.437934 0.060576 0.000993049 0.000993049 0.000993049;
   (Moins1, Moins1) 0.000993049 0.000993049 0.994042 0.000993049 0.000993049 0.000993049 0.000993049;
   (Normal, Moins1) 0.000993049 0.060576 0.437934 0.437934 0.060576 0.000993049 0.000993049;
   (Plus1, Moins1) 0.0307845 0.100298 0.219464 0.288977 0.219464 0.100298 0.040715;
   (Plus2, Moins1) 0.0506455 0.100298 0.159881 0.199603 0.199603 0.159881 0.130089;
   (Plus3, Moins1) 0.0705065 0.110228 0.14002 0.169811 0.189672 0.169811 0.14995;
   (Moins3, Normal) 0.179742 0.219464 0.219464 0.179742 0.110228 0.060576 0.0307845;
   (Moins2, Normal) 0.110228 0.229394 0.288977 0.229394 0.110228 0.020854 0.0109235;
   (Moins1, Normal) 0.000993049 0.060576 0.437934 0.437934 0.060576 0.000993049 0.000993049;
   (Normal, Normal) 0.000993049 0.000993049 0.000993049 0.994042 0.000993049 0.000993049 0.000993049;
   (Plus1, Normal) 0.000993049 0.000993049 0.060576 0.437934 0.437934 0.060576 0.000993049;
   (Plus2, Normal) 0.0109235 0.0307845 0.110228 0.229394 0.288977 0.219464 0.110228;
   (Plus3, Normal) 0.020854 0.060576 0.110228 0.179742 0.229394 0.219464 0.179742;
   (Moins3, Plus1) 0.14002 0.169811 0.189672 0.169811 0.14995 0.110228 0.0705065;
   (Moins2, Plus1) 0.100298 0.159881 0.199603 0.199603 0.189672 0.100298 0.0506455;
   (Moins1, Plus1) 0.0307845 0.100298 0.219464 0.288977 0.229394 0.100298 0.0307845;
   (Normal, Plus1) 0.000993049 0.000993049 0.060576 0.437934 0.437934 0.060576 0.000993049;
   (Plus1, Plus1) 0.000993049 0.000993049 0.000993049 0.000993049 0.994042 0.000993049 0.000993049;
   (Plus2, Plus1) 0.000993049 0.000993049 0.000993049 0.060576 0.437934 0.437934 0.060576;
   (Plus3, Plus1) 0.000993049 0.0109235 0.0307845 0.120159 0.249255 0.328699 0.259186;
   (Moins3, Plus2) 0.130089 0.14995 0.169811 0.169811 0.14995 0.130089 0.100298;
   (Moins2, Plus2) 0.100298 0.14002 0.169811 0.179742 0.169811 0.14002 0.100298;
   (Moins1, Plus2) 0.0506455 0.100298 0.159881 0.199603 0.229394 0.159881 0.100298;
   (Normal, Plus2) 0.0109235 0.0307845 0.110228 0.229394 0.279047 0.229394 0.110228;
   (Plus1, Plus2) 0.000993049 0.000993049 0.000993049 0.060576 0.437934 0.437934 0.060576;
   (Plus2, Plus2) 0.000993049 0.000993049 0.000993049 0.000993049 0.000993049 0.994042 0.000993049;
   (Plus3, Plus2) 0.000993049 0.000993049 0.000993049 0.000993049 0.060576 0.467726 0.467726;
   (Moins3, Plus3) 0.120159 0.14002 0.14995 0.159881 0.169811 0.14002 0.120159;
   (Moins2, Plus3) 0.100298 0.130089 0.14995 0.169811 0.169811 0.14995 0.130089;
   (Moins1, Plus3) 0.0705065 0.110228 0.14002 0.169811 0.199603 0.169811 0.14002;
   (Normal, Plus3) 0.020854 0.060576 0.110228 0.179742 0.229394 0.219464 0.179742;
   (Plus1, Plus3) 0.000993049 0.0109235 0.0307845 0.120159 0.249255 0.328699 0.259186;
   (Plus2, Plus3) 0.000993049 0.000993049 0.000993049 0.000993049 0.060576 0.467726 0.467726;
   (Plus3, Plus3) 0.000993049 0.000993049 0.000993049 0.000993049 0.000993049 0.000993049 0.994042;
}
probability (FA.Duration1 | FA.Agg_Productivity) {
   (Moins3) 0.497517 0.415094 0.0695134 0.0129096 0.00297915 0.000993049 0.000993049;
   (Moins2) 0.398213 0.497517 0.0834161 0.0148957 0.00397219 0.000993049 0.000993049;
   (Moins1) 0.0575968 0.341609 0.497517 0.0834161 0.0148957 0.00397219 0.000993049;
   (Normal) 0.00993049 0.0566038 0.333664 0.497517 0.0844091 0.0148957 0.00297915;
   (Plus1) 0.00297915 0.00993049 0.0566038 0.332671 0.497517 0.0863952 0.0139027;
   (Plus2) 0.000993049 0.00297915 0.00993049 0.0566038 0.331678 0.497517 0.100298;
   (Plus3) 0.000993049 0.000993049 0.00297915 0.0129096 0.0695134 0.415094 0.497517;
}
probability (FA.Duration2 | FA.Agg_Agressiv) {
   (Moins3) 0.497517 0.415094 0.0695134 0.0129096 0.00297915 0.000993049 0.000993049;
   (Moins2) 0.398213 0.497517 0.0834161 0.0148957 0.00397219 0.000993049 0.000993049;
   (Moins1) 0.0575968 0.341609 0.497517 0.0834161 0.0148957 0.00397219 0.000993049;
   (Normal) 0.00993049 0.0566038 0.333664 0.497517 0.0844091 0.0148957 0.00297915;
   (Plus1) 0.00297915 0.00993049 0.0566038 0.332671 0.497517 0.0863952 0.0139027;
   (Plus2) 0.000993049 0.00297915 0.00993049 0.0566038 0.331678 0.497517 0.100298;
   (Plus3) 0.000993049 0.000993049 0.00297915 0.0129096 0.0695134 0.415094 0.497517;
}
probability (FA.Cost1 | FA.Agg_Cost) {
   (Moins3) 0.497517 0.415094 0.0695134 0.0129096 0.00297915 0.000993049 0.000993049;
   (Moins2) 0.398213 0.497517 0.0834161 0.0148957 0.00397219 0.000993049 0.000993049;
   (Moins1) 0.0575968 0.341609 0.497517 0.0834161 0.0148957 0.00397219 0.000993049;
   (Normal) 0.00993049 0.0566038 0.333664 0.497517 0.0844091 0.0148957 0.00297915;
   (Plus1) 0.00297915 0.00993049 0.0566038 0.332671 0.497517 0.0863952 0.0139027;
   (Plus2) 0.000993049 0.00297915 0.00993049 0.0566038 0.331678 0.497517 0.100298;
   (Plus3) 0.000993049 0.000993049 0.00297915 0.0129096 0.0695134 0.415094 0.497517;
}
probability (FA.Cost2 | FA.Agg_Agressiv) {
   (Moins3) 0.497517 0.415094 0.0695134 0.0129096 0.00297915 0.000993049 0.000993049;
   (Moins2) 0.398213 0.497517 0.0834161 0.0148957 0.00397219 0.000993049 0.000993049;
   (Moins1) 0.0575968 0.341609 0.497517 0.0834161 0.0148957 0.00397219 0.000993049;
   (Normal) 0.00993049 0.0566038 0.333664 0.497517 0.0844091 0.0148957 0.00297915;
   (Plus1) 0.00297915 0.00993049 0.0566038 0.332671 0.497517 0.0863952 0.0139027;
   (Plus2) 0.000993049 0.00297915 0.00993049 0.0566038 0.331678 0.497517 0.100298;
   (Plus3) 0.000993049 0.000993049 0.00297915 0.0129096 0.0695134 0.415094 0.497517;
}
probability (FA.Quality1 | FA.Agg_Capacity) {
   (Moins3) 0.497517 0.415094 0.0695134 0.0129096 0.00297915 0.000993049 0.000993049;
   (Moins2) 0.398213 0.497517 0.0834161 0.0148957 0.00397219 0.000993049 0.000993049;
   (Moins1) 0.0575968 0.341609 0.497517 0.0834161 0.0148957 0.00397219 0.000993049;
   (Normal) 0.00993049 0.0566038 0.333664 0.497517 0.0844091 0.0148957 0.00297915;
   (Plus1) 0.00297915 0.00993049 0.0566038 0.332671 0.497517 0.0863952 0.0139027;
   (Plus2) 0.000993049 0.00297915 0.00993049 0.0566038 0.331678 0.497517 0.100298;
   (Plus3) 0.000993049 0.000993049 0.00297915 0.0129096 0.0695134 0.415094 0.497517;
}
probability (FA.Quality2 | FA.Agg_Agressiv) {
   (Moins3) 0.497517 0.415094 0.0695134 0.0129096 0.00297915 0.000993049 0.000993049;
   (Moins2) 0.398213 0.497517 0.0834161 0.0148957 0.00397219 0.000993049 0.000993049;
   (Moins1) 0.0575968 0.341609 0.497517 0.0834161 0.0148957 0.00397219 0.000993049;
   (Normal) 0.00993049 0.0566038 0.333664 0.497517 0.0844091 0.0148957 0.00297915;
   (Plus1) 0.00297915 0.00993049 0.0566038 0.332671 0.497517 0.0863952 0.0139027;
   (Plus2) 0.000993049 0.00297915 0.00993049 0.0566038 0.331678 0.497517 0.100298;
   (Plus3) 0.000993049 0.000993049 0.00297915 0.0129096 0.0695134 0.415094 0.497517;
}
probability (FA.Agg_Agressiv | EE.Agressiv, TP.Agressiv, LE.Agressiv, NE.Agressiv) {
   (Moins3, Moins3, Moins3, Moins3) 0.944202 0.0508328 0.000993348 0.000993049 0.000993049 0.000993049 0.000993049;
   (Moins2, Moins3, Moins3, Moins3) 0.701991 0.291027 0.00300958 0.000993154 0.000993049 0.000993049 0.000993049;
   (Moins1, Moins3, Moins3, Moins3) 0.427164 0.427164 0.12984 0.0125513 0.00129244 0.000995232 0.000993053;
   (Normal, Moins3, Moins3, Moins3) 0.306215 0.35243 0.231206 0.0867282 0.0191176 0.00316334 0.00113988;
   (Plus1, Moins3, Moins3, Moins3) 0.238996 0.280878 0.238996 0.147337 0.0660493 0.0218968 0.00584646;
   (Plus2, Moins3, Moins3, Moins3) 0.197674 0.231149 0.219402 0.169067 0.105876 0.054065 0.0227682;
   (Plus3, Moins3, Moins3, Moins3) 0.1719 0.198831 0.198831 0.1719 0.128536 0.0832176 0.0467846;
   (Moins3, Moins2, Moins3, Moins3) 0.701991 0.291027 0.00300958 0.000993154 0.000993049 0.000993049 0.000993049;
   (Moins2, Moins2, Moins3, Moins3) 0.485958 0.485958 0.0240788 0.00102523 0.00099305 0.000993049 0.000993049;
   (Moins1, Moins2, Moins3, Moins3) 0.336569 0.464083 0.176874 0.01901 0.00147408 0.000996289 0.000993054;
   (Normal, Moins2, Moins3, Moins3) 0.259072 0.35473 0.259072 0.101142 0.0216207 0.00324119 0.00112223;
   (Plus1, Moins2, Moins3, Moins3) 0.21061 0.275732 0.252042 0.16092 0.0720048 0.0229637 0.00572744;
   (Plus2, Moins2, Moins3, Moins3) 0.178635 0.224735 0.224735 0.178635 0.112971 0.0570316 0.0232557;
   (Plus3, Moins2, Moins3, Moins3) 0.158052 0.192695 0.200491 0.178004 0.134903 0.0873646 0.04849;
   (Moins3, Moins1, Moins3, Moins3) 0.427164 0.427164 0.12984 0.0125513 0.00129244 0.000995232 0.000993053;
   (Moins2, Moins1, Moins3, Moins3) 0.336569 0.464083 0.176874 0.01901 0.00147408 0.000996289 0.000993054;
   (Moins1, Moins1, Moins3, Moins3) 0.258228 0.408479 0.258228 0.0654774 0.00735346 0.00123698 0.000996644;
   (Normal, Moins1, Moins3, Moins3) 0.211249 0.321964 0.279756 0.138699 0.0396409 0.00714389 0.00154685;
   (Plus1, Moins1, Moins3, Moins3) 0.179832 0.255483 0.255483 0.179832 0.0892972 0.0316207 0.00845229;
   (Plus2, Moins1, Moins3, Moins3) 0.157818 0.211129 0.223794 0.187918 0.125085 0.0661746 0.0280814;
   (Plus3, Moins1, Moins3, Moins3) 0.143174 0.182928 0.198511 0.182928 0.143174 0.0952636 0.0540224;
   (Moins3, Normal, Moins3, Moins3) 0.306215 0.35243 0.231206 0.0867282 0.0191176 0.00316334 0.00113988;
   (Moins2, Normal, Moins3, Moins3) 0.259072 0.35473 0.259072 0.101142 0.0216207 0.00324119 0.00112223;
   (Moins1, Normal, Moins3, Moins3) 0.211249 0.321964 0.279756 0.138699 0.0396409 0.00714389 0.00154685;
   (Normal, Normal, Moins3, Moins3) 0.177311 0.271576 0.271576 0.177311 0.075837 0.0216767 0.00471148;
   (Plus1, Normal, Moins3, Moins3) 0.154718 0.226242 0.244126 0.194323 0.114233 0.0498455 0.0165125;
   (Plus2, Normal, Moins3, Moins3) 0.139477 0.193085 0.215221 0.193085 0.139477 0.0812599 0.0383954;
   (Plus3, Normal, Moins3, Moins3) 0.129571 0.170956 0.192547 0.185061 0.151798 0.106335 0.0637309;
   (Moins3, Plus1, Moins3, Moins3) 0.238996 0.280878 0.238996 0.147337 0.0660493 0.0218968 0.00584646;
   (Moins2, Plus1, Moins3, Moins3) 0.21061 0.275732 0.252042 0.16092 0.0720048 0.0229637 0.00572744;
   (Moins1, Plus1, Moins3, Moins3) 0.179832 0.255483 0.255483 0.179832 0.0892972 0.0316207 0.00845229;
   (Normal, Plus1, Moins3, Moins3) 0.154718 0.226242 0.244126 0.194323 0.114233 0.0498455 0.0165125;
   (Plus1, Plus1, Moins3, Moins3) 0.137183 0.197623 0.223229 0.197623 0.137183 0.0748314 0.0323278;
   (Plus2, Plus1, Moins3, Moins3) 0.125803 0.174942 0.201537 0.192249 0.151874 0.0994536 0.0541412;
   (Plus3, Plus1, Moins3, Moins3) 0.118835 0.1589 0.183783 0.183783 0.1589 0.118835 0.0769634;
   (Moins3, Plus2, Moins3, Moins3) 0.197674 0.231149 0.219402 0.169067 0.105876 0.054065 0.0227682;
   (Moins2, Plus2, Moins3, Moins3) 0.178635 0.224735 0.224735 0.178635 0.112971 0.0570316 0.0232557;
   (Moins1, Plus2, Moins3, Moins3) 0.157818 0.211129 0.223794 0.187918 0.125085 0.0661746 0.0280814;
   (Normal, Plus2, Moins3, Moins3) 0.139477 0.193085 0.215221 0.193085 0.139477 0.0812599 0.0383954;
   (Plus1, Plus2, Moins3, Moins3) 0.125803 0.174942 0.201537 0.192249 0.151874 0.0994536 0.0541412;
   (Plus2, Plus2, Moins3, Moins3) 0.116773 0.159763 0.186917 0.186917 0.159763 0.116773 0.0730918;
   (Plus3, Plus2, Moins3, Moins3) 0.111393 0.148465 0.1742 0.179862 0.163407 0.130659 0.0920139;
   (Moins3, Plus3, Moins3, Moins3) 0.1719 0.198831 0.198831 0.1719 0.128536 0.0832176 0.0467846;
   (Moins2, Plus3, Moins3, Moins3) 0.158052 0.192695 0.200491 0.178004 0.134903 0.0873646 0.04849;
   (Moins1, Plus3, Moins3, Moins3) 0.143174 0.182928 0.198511 0.182928 0.143174 0.0952636 0.0540224;
   (Normal, Plus3, Moins3, Moins3) 0.129571 0.170956 0.192547 0.185061 0.151798 0.106335 0.0637309;
   (Plus1, Plus3, Moins3, Moins3) 0.118835 0.1589 0.183783 0.183783 0.1589 0.118835 0.0769634;
   (Plus2, Plus3, Moins3, Moins3) 0.111393 0.148465 0.1742 0.179862 0.163407 0.130659 0.0920139;
   (Plus3, Plus3, Moins3, Moins3) 0.106847 0.140384 0.165411 0.174715 0.165411 0.140384 0.106847;
   (Moins3, Moins3, Moins2, Moins3) 0.701991 0.291027 0.00300958 0.000993154 0.000993049 0.000993049 0.000993049;
   (Moins2, Moins3, Moins2, Moins3) 0.485958 0.485958 0.0240788 0.00102523 0.00099305 0.000993049 0.000993049;
   (Moins1, Moins3, Moins2, Moins3) 0.336569 0.464083 0.176874 0.01901 0.00147408 0.000996289 0.000993054;
   (Normal, Moins3, Moins2, Moins3) 0.259072 0.35473 0.259072 0.101142 0.0216207 0.00324119 0.00112223;
   (Plus1, Moins3, Moins2, Moins3) 0.21061 0.275732 0.252042 0.16092 0.0720048 0.0229637 0.00572744;
   (Plus2, Moins3, Moins2, Moins3) 0.178635 0.224735 0.224735 0.178635 0.112971 0.0570316 0.0232557;
   (Plus3, Moins3, Moins2, Moins3) 0.158052 0.192695 0.200491 0.178004 0.134903 0.0873646 0.04849;
   (Moins3, Moins2, Moins2, Moins3) 0.485958 0.485958 0.0240788 0.00102523 0.00099305 0.000993049 0.000993049;
   (Moins2, Moins2, Moins2, Moins3) 0.279495 0.674117 0.0423901 0.00101948 0.000993049 0.000993049 0.000993049;
   (Moins1, Moins2, Moins2, Moins3) 0.226061 0.526786 0.226061 0.0179073 0.00119822 0.000993424 0.000993049;
   (Normal, Moins2, Moins2, Moins3) 0.20205 0.36329 0.298742 0.112493 0.0199372 0.00244389 0.00104277;
   (Plus1, Moins2, Moins2, Moins3) 0.177311 0.271576 0.271576 0.177311 0.075837 0.0216767 0.00471148;
   (Plus2, Moins2, Moins2, Moins3) 0.15676 0.217966 0.232834 0.191029 0.120482 0.0586208 0.0223088;
   (Plus3, Moins2, Moins2, Moins3) 0.142301 0.185847 0.203162 0.185847 0.142301 0.0913001 0.0492419;
   (Moins3, Moins1, Moins2, Moins3) 0.336569 0.464083 0.176874 0.01901 0.00147408 0.000996289 0.000993054;
   (Moins2, Moins1, Moins2, Moins3) 0.226061 0.526786 0.226061 0.0179073 0.00119822 0.000993424 0.000993049;
   (Moins1, Moins1, Moins2, Moins3) 0.168205 0.441259 0.32003 0.0641642 0.00431144 0.00103771 0.000993198;
   (Normal, Moins1, Moins2, Moins3) 0.154333 0.325199 0.325199 0.154333 0.0351959 0.00457259 0.00116774;
   (Plus1, Moins1, Moins2, Moins3) 0.144249 0.249322 0.278198 0.200276 0.0932345 0.0284668 0.00625421;
   (Plus2, Moins1, Moins2, Moins3) 0.133901 0.20297 0.233203 0.20297 0.133901 0.0671526 0.025903;
   (Plus3, Moins1, Moins2, Moins3) 0.125803 0.174942 0.201537 0.192249 0.151874 0.0994536 0.0541412;
   (Moins3, Normal, Moins2, Moins3) 0.259072 0.35473 0.259072 0.101142 0.0216207 0.00324119 0.00112223;
   (Moins2, Normal, Moins2, Moins3) 0.20205 0.36329 0.298742 0.112493 0.0199372 0.00244389 0.00104277;
   (Moins1, Normal, Moins2, Moins3) 0.154333 0.325199 0.325199 0.154333 0.0351959 0.00457259 0.00116774;
   (Normal, Normal, Moins2, Moins3) 0.131912 0.266016 0.306143 0.200885 0.0754363 0.0167305 0.0028775;
   (Plus1, Normal, Moins2, Moins3) 0.12181 0.216861 0.262928 0.216861 0.12181 0.0469003 0.0128302;
   (Plus2, Normal, Moins2, Moins3) 0.115515 0.18313 0.223197 0.208947 0.150286 0.0832065 0.0357177;
   (Plus3, Normal, Moins2, Moins3) 0.11146 0.161715 0.194856 0.194856 0.161715 0.11146 0.0639375;
   (Moins3, Plus1, Moins2, Moins3) 0.21061 0.275732 0.252042 0.16092 0.0720048 0.0229637 0.00572744;
   (Moins2, Plus1, Moins2, Moins3) 0.177311 0.271576 0.271576 0.177311 0.075837 0.0216767 0.00471148;
   (Moins1, Plus1, Moins2, Moins3) 0.144249 0.249322 0.278198 0.200276 0.0932345 0.0284668 0.00625421;
   (Normal, Plus1, Moins2, Moins3) 0.12181 0.216861 0.262928 0.216861 0.12181 0.0469003 0.0128302;
   (Plus1, Plus1, Moins2, Moins3) 0.109689 0.186565 0.23437 0.217204 0.14855 0.0751689 0.0284539;
   (Plus2, Plus1, Moins2, Moins3) 0.103693 0.163916 0.206196 0.206196 0.163916 0.103693 0.0523884;
   (Plus3, Plus1, Moins2, Moins3) 0.101095 0.14882 0.184569 0.192695 0.169335 0.125303 0.0781835;
   (Moins3, Plus2, Moins2, Moins3) 0.178635 0.224735 0.224735 0.178635 0.112971 0.0570316 0.0232557;
   (Moins2, Plus2, Moins2, Moins3) 0.15676 0.217966 0.232834 0.191029 0.120482 0.0586208 0.0223088;
   (Moins1, Plus2, Moins2, Moins3) 0.133901 0.20297 0.233203 0.20297 0.133901 0.0671526 0.025903;
   (Normal, Plus2, Moins2, Moins3) 0.115515 0.18313 0.223197 0.208947 0.150286 0.0832065 0.0357177;
   (Plus1, Plus2, Moins2, Moins3) 0.103693 0.163916 0.206196 0.206196 0.163916 0.103693 0.0523884;
   (Plus2, Plus2, Moins2, Moins3) 0.0974214 0.14876 0.188302 0.197398 0.171352 0.123227 0.07354;
   (Plus3, Plus2, Moins2, Moins3) 0.0948859 0.138253 0.173374 0.186975 0.173374 0.138253 0.0948859;
   (Moins3, Plus3, Moins2, Moins3) 0.158052 0.192695 0.200491 0.178004 0.134903 0.0873646 0.04849;
   (Moins2, Plus3, Moins2, Moins3) 0.142301 0.185847 0.203162 0.185847 0.142301 0.0913001 0.0492419;
   (Moins1, Plus3, Moins2, Moins3) 0.125803 0.174942 0.201537 0.192249 0.151874 0.0994536 0.0541412;
   (Normal, Plus3, Moins2, Moins3) 0.11146 0.161715 0.194856 0.194856 0.161715 0.11146 0.0639375;
   (Plus1, Plus3, Moins2, Moins3) 0.101095 0.14882 0.184569 0.192695 0.169335 0.125303 0.0781835;
   (Plus2, Plus3, Moins2, Moins3) 0.0948859 0.138253 0.173374 0.186975 0.173374 0.138253 0.0948859;
   (Plus3, Plus3, Moins2, Moins3) 0.0920139 0.130659 0.163407 0.179862 0.1742 0.148465 0.111393;
   (Moins3, Moins3, Moins1, Moins3) 0.427164 0.427164 0.12984 0.0125513 0.00129244 0.000995232 0.000993053;
   (Moins2, Moins3, Moins1, Moins3) 0.336569 0.464083 0.176874 0.01901 0.00147408 0.000996289 0.000993054;
   (Moins1, Moins3, Moins1, Moins3) 0.258228 0.408479 0.258228 0.0654774 0.00735346 0.00123698 0.000996644;
   (Normal, Moins3, Moins1, Moins3) 0.211249 0.321964 0.279756 0.138699 0.0396409 0.00714389 0.00154685;
   (Plus1, Moins3, Moins1, Moins3) 0.179832 0.255483 0.255483 0.179832 0.0892972 0.0316207 0.00845229;
   (Plus2, Moins3, Moins1, Moins3) 0.157818 0.211129 0.223794 0.187918 0.125085 0.0661746 0.0280814;
   (Plus3, Moins3, Moins1, Moins3) 0.143174 0.182928 0.198511 0.182928 0.143174 0.0952636 0.0540224;
   (Moins3, Moins2, Moins1, Moins3) 0.336569 0.464083 0.176874 0.01901 0.00147408 0.000996289 0.000993054;
   (Moins2, Moins2, Moins1, Moins3) 0.226061 0.526786 0.226061 0.0179073 0.00119822 0.000993424 0.000993049;
   (Moins1, Moins2, Moins1, Moins3) 0.168205 0.441259 0.32003 0.0641642 0.00431144 0.00103771 0.000993198;
   (Normal, Moins2, Moins1, Moins3) 0.154333 0.325199 0.325199 0.154333 0.0351959 0.00457259 0.00116774;
   (Plus1, Moins2, Moins1, Moins3) 0.144249 0.249322 0.278198 0.200276 0.0932345 0.0284668 0.00625421;
   (Plus2, Moins2, Moins1, Moins3) 0.133901 0.20297 0.233203 0.20297 0.133901 0.0671526 0.025903;
   (Plus3, Moins2, Moins1, Moins3) 0.125803 0.174942 0.201537 0.192249 0.151874 0.0994536 0.0541412;
   (Moins3, Moins1, Moins1, Moins3) 0.258228 0.408479 0.258228 0.0654774 0.00735346 0.00123698 0.000996644;
   (Moins2, Moins1, Moins1, Moins3) 0.168205 0.441259 0.32003 0.0641642 0.00431144 0.00103771 0.000993198;
   (Moins1, Moins1, Moins1, Moins3) 0.115042 0.37822 0.37822 0.115042 0.0112239 0.00125806 0.000994981;
   (Normal, Moins1, Moins1, Moins3) 0.108551 0.288215 0.350481 0.194942 0.0499491 0.00658248 0.00127966;
   (Plus1, Moins1, Moins1, Moins3) 0.110428 0.225724 0.286618 0.225724 0.110428 0.0339518 0.0071255;
   (Plus2, Moins1, Moins1, Moins3) 0.109689 0.186565 0.23437 0.217204 0.14855 0.0751689 0.0284539;
   (Plus3, Moins1, Moins1, Moins3) 0.107972 0.162795 0.19998 0.19998 0.162795 0.107972 0.0585046;
   (Moins3, Normal, Moins1, Moins3) 0.211249 0.321964 0.279756 0.138699 0.0396409 0.00714389 0.00154685;
   (Moins2, Normal, Moins1, Moins3) 0.154333 0.325199 0.325199 0.154333 0.0351959 0.00457259 0.00116774;
   (Moins1, Normal, Moins1, Moins3) 0.108551 0.288215 0.350481 0.194942 0.0499491 0.00658248 0.00127966;
   (Normal, Normal, Moins1, Moins3) 0.091978 0.235457 0.322362 0.235457 0.091978 0.0197332 0.00303547;
   (Plus1, Normal, Moins1, Moins3) 0.0902534 0.193835 0.269238 0.241296 0.139619 0.0524694 0.0132883;
   (Plus2, Normal, Moins1, Moins3) 0.0915303 0.165941 0.223627 0.223627 0.165941 0.0915303 0.0378035;
   (Plus3, Normal, Moins1, Moins3) 0.0930757 0.148555 0.192747 0.203061 0.173671 0.120655 0.068235;
   (Moins3, Plus1, Moins1, Moins3) 0.179832 0.255483 0.255483 0.179832 0.0892972 0.0316207 0.00845229;
   (Moins2, Plus1, Moins1, Moins3) 0.144249 0.249322 0.278198 0.200276 0.0932345 0.0284668 0.00625421;
   (Moins1, Plus1, Moins1, Moins3) 0.110428 0.225724 0.286618 0.225724 0.110428 0.0339518 0.0071255;
   (Normal, Plus1, Moins1, Moins3) 0.0902534 0.193835 0.269238 0.241296 0.139619 0.0524694 0.0132883;
   (Plus1, Plus1, Moins1, Moins3) 0.0826494 0.166368 0.236325 0.236325 0.166368 0.0826494 0.029315;
   (Plus2, Plus1, Moins1, Moins3) 0.0815431 0.147265 0.20474 0.218701 0.179445 0.113198 0.055108;
   (Plus3, Plus1, Moins1, Moins3) 0.0831554 0.135344 0.181451 0.2001 0.181451 0.135344 0.0831554;
   (Moins3, Plus2, Moins1, Moins3) 0.157818 0.211129 0.223794 0.187918 0.125085 0.0661746 0.0280814;
   (Moins2, Plus2, Moins1, Moins3) 0.133901 0.20297 0.233203 0.20297 0.133901 0.0671526 0.025903;
   (Moins1, Plus2, Moins1, Moins3) 0.109689 0.186565 0.23437 0.217204 0.14855 0.0751689 0.0284539;
   (Normal, Plus2, Moins1, Moins3) 0.0915303 0.165941 0.223627 0.223627 0.165941 0.0915303 0.0378035;
   (Plus1, Plus2, Moins1, Moins3) 0.0815431 0.147265 0.20474 0.218701 0.179445 0.113198 0.055108;
   (Plus2, Plus2, Moins1, Moins3) 0.0779386 0.133747 0.185136 0.206357 0.185136 0.133747 0.0779386;
   (Plus3, Plus2, Moins1, Moins3) 0.0781835 0.125303 0.169335 0.192695 0.184569 0.14882 0.101095;
   (Moins3, Plus3, Moins1, Moins3) 0.143174 0.182928 0.198511 0.182928 0.143174 0.0952636 0.0540224;
   (Moins2, Plus3, Moins1, Moins3) 0.125803 0.174942 0.201537 0.192249 0.151874 0.0994536 0.0541412;
   (Moins1, Plus3, Moins1, Moins3) 0.107972 0.162795 0.19998 0.19998 0.162795 0.107972 0.0585046;
   (Normal, Plus3, Moins1, Moins3) 0.0930757 0.148555 0.192747 0.203061 0.173671 0.120655 0.068235;
   (Plus1, Plus3, Moins1, Moins3) 0.0831554 0.135344 0.181451 0.2001 0.181451 0.135344 0.0831554;
   (Plus2, Plus3, Moins1, Moins3) 0.0781835 0.125303 0.169335 0.192695 0.184569 0.14882 0.101095;
   (Plus3, Plus3, Moins1, Moins3) 0.0769634 0.118835 0.1589 0.183783 0.183783 0.1589 0.118835;
   (Moins3, Moins3, Normal, Moins3) 0.306215 0.35243 0.231206 0.0867282 0.0191176 0.00316334 0.00113988;
   (Moins2, Moins3, Normal, Moins3) 0.259072 0.35473 0.259072 0.101142 0.0216207 0.00324119 0.00112223;
   (Moins1, Moins3, Normal, Moins3) 0.211249 0.321964 0.279756 0.138699 0.0396409 0.00714389 0.00154685;
   (Normal, Moins3, Normal, Moins3) 0.177311 0.271576 0.271576 0.177311 0.075837 0.0216767 0.00471148;
   (Plus1, Moins3, Normal, Moins3) 0.154718 0.226242 0.244126 0.194323 0.114233 0.0498455 0.0165125;
   (Plus2, Moins3, Normal, Moins3) 0.139477 0.193085 0.215221 0.193085 0.139477 0.0812599 0.0383954;
   (Plus3, Moins3, Normal, Moins3) 0.129571 0.170956 0.192547 0.185061 0.151798 0.106335 0.0637309;
   (Moins3, Moins2, Normal, Moins3) 0.259072 0.35473 0.259072 0.101142 0.0216207 0.00324119 0.00112223;
   (Moins2, Moins2, Normal, Moins3) 0.20205 0.36329 0.298742 0.112493 0.0199372 0.00244389 0.00104277;
   (Moins1, Moins2, Normal, Moins3) 0.154333 0.325199 0.325199 0.154333 0.0351959 0.00457259 0.00116774;
   (Normal, Moins2, Normal, Moins3) 0.131912 0.266016 0.306143 0.200885 0.0754363 0.0167305 0.0028775;
   (Plus1, Moins2, Normal, Moins3) 0.12181 0.216861 0.262928 0.216861 0.12181 0.0469003 0.0128302;
   (Plus2, Moins2, Normal, Moins3) 0.115515 0.18313 0.223197 0.208947 0.150286 0.0832065 0.0357177;
   (Plus3, Moins2, Normal, Moins3) 0.11146 0.161715 0.194856 0.194856 0.161715 0.11146 0.0639375;
   (Moins3, Moins1, Normal, Moins3) 0.211249 0.321964 0.279756 0.138699 0.0396409 0.00714389 0.00154685;
   (Moins2, Moins1, Normal, Moins3) 0.154333 0.325199 0.325199 0.154333 0.0351959 0.00457259 0.00116774;
   (Moins1, Moins1, Normal, Moins3) 0.108551 0.288215 0.350481 0.194942 0.0499491 0.00658248 0.00127966;
   (Normal, Moins1, Normal, Moins3) 0.091978 0.235457 0.322362 0.235457 0.091978 0.0197332 0.00303547;
   (Plus1, Moins1, Normal, Moins3) 0.0902534 0.193835 0.269238 0.241296 0.139619 0.0524694 0.0132883;
   (Plus2, Moins1, Normal, Moins3) 0.0915303 0.165941 0.223627 0.223627 0.165941 0.0915303 0.0378035;
   (Plus3, Moins1, Normal, Moins3) 0.0930757 0.148555 0.192747 0.203061 0.173671 0.120655 0.068235;
   (Moins3, Normal, Normal, Moins3) 0.177311 0.271576 0.271576 0.177311 0.075837 0.0216767 0.00471148;
   (Moins2, Normal, Normal, Moins3) 0.131912 0.266016 0.306143 0.200885 0.0754363 0.0167305 0.0028775;
   (Moins1, Normal, Normal, Moins3) 0.091978 0.235457 0.322362 0.235457 0.091978 0.0197332 0.00303547;
   (Normal, Normal, Normal, Moins3) 0.0736105 0.195983 0.298659 0.259516 0.128701 0.0368348 0.00669729;
   (Plus1, Normal, Normal, Moins3) 0.0708347 0.165527 0.253492 0.253492 0.165527 0.0708347 0.0202943;
   (Plus2, Normal, Normal, Moins3) 0.0737453 0.145718 0.213054 0.229891 0.183003 0.107603 0.0469853;
   (Plus3, Normal, Normal, Moins3) 0.0779386 0.133747 0.185136 0.206357 0.185136 0.133747 0.0779386;
   (Moins3, Plus1, Normal, Moins3) 0.154718 0.226242 0.244126 0.194323 0.114233 0.0498455 0.0165125;
   (Moins2, Plus1, Normal, Moins3) 0.12181 0.216861 0.262928 0.216861 0.12181 0.0469003 0.0128302;
   (Moins1, Plus1, Normal, Moins3) 0.0902534 0.193835 0.269238 0.241296 0.139619 0.0524694 0.0132883;
   (Normal, Plus1, Normal, Moins3) 0.0708347 0.165527 0.253492 0.253492 0.165527 0.0708347 0.0202943;
   (Plus1, Plus1, Normal, Moins3) 0.0640031 0.142899 0.223753 0.244774 0.186991 0.0999183 0.0376612;
   (Plus2, Plus1, Normal, Moins3) 0.0645141 0.1286 0.194915 0.223942 0.194915 0.1286 0.0645141;
   (Plus3, Plus1, Normal, Moins3) 0.068235 0.120655 0.173671 0.203061 0.192747 0.148555 0.0930757;
   (Moins3, Plus2, Normal, Moins3) 0.139477 0.193085 0.215221 0.193085 0.139477 0.0812599 0.0383954;
   (Moins2, Plus2, Normal, Moins3) 0.115515 0.18313 0.223197 0.208947 0.150286 0.0832065 0.0357177;
   (Moins1, Plus2, Normal, Moins3) 0.0915303 0.165941 0.223627 0.223627 0.165941 0.0915303 0.0378035;
   (Normal, Plus2, Normal, Moins3) 0.0737453 0.145718 0.213054 0.229891 0.183003 0.107603 0.0469853;
   (Plus1, Plus2, Normal, Moins3) 0.0645141 0.1286 0.194915 0.223942 0.194915 0.1286 0.0645141;
   (Plus2, Plus2, Normal, Moins3) 0.0621402 0.117404 0.176348 0.210004 0.198123 0.148112 0.0878689;
   (Plus3, Plus2, Normal, Moins3) 0.0639375 0.11146 0.161715 0.194856 0.194856 0.161715 0.11146;
   (Moins3, Plus3, Normal, Moins3) 0.129571 0.170956 0.192547 0.185061 0.151798 0.106335 0.0637309;
   (Moins2, Plus3, Normal, Moins3) 0.11146 0.161715 0.194856 0.194856 0.161715 0.11146 0.0639375;
   (Moins1, Plus3, Normal, Moins3) 0.0930757 0.148555 0.192747 0.203061 0.173671 0.120655 0.068235;
   (Normal, Plus3, Normal, Moins3) 0.0779386 0.133747 0.185136 0.206357 0.185136 0.133747 0.0779386;
   (Plus1, Plus3, Normal, Moins3) 0.068235 0.120655 0.173671 0.203061 0.192747 0.148555 0.0930757;
   (Plus2, Plus3, Normal, Moins3) 0.0639375 0.11146 0.161715 0.194856 0.194856 0.161715 0.11146;
   (Plus3, Plus3, Normal, Moins3) 0.0637309 0.106335 0.151798 0.185061 0.192547 0.170956 0.129571;
   (Moins3, Moins3, Plus1, Moins3) 0.238996 0.280878 0.238996 0.147337 0.0660493 0.0218968 0.00584646;
